geometry,alt_name,alt_name:hi,alt_name:mr,name,name:hi,name:mr,natural,water,source,intermittent,source:position,source:tracer,source:zoomlevel,wikidata,note,wikipedia,type,Latitude,Longitude,Region
"POLYGON ((79.043206 21.156988, 79.043124 21.157494, 79.043492 21.157185, 79.044202 21.156668, 79.044517 21.1563, 79.044696 21.156194, 79.04488 21.156132, 79.045347 21.156052, 79.045612 21.156184, 79.045653 21.155171, 79.045352 21.153811, 79.045103 21.151417, 79.044906 21.150809, 79.042906 21.151129, 79.041258 21.151769, 79.040228 21.152458, 79.038297 21.153178, 79.036323 21.153755, 79.035954 21.154755, 79.036211 21.15542, 79.037636 21.155195, 79.038108 21.156092, 79.039181 21.15594, 79.039979 21.155956, 79.040554 21.15626, 79.040632 21.1565, 79.040683 21.156988, 79.040331 21.157781, 79.040331 21.157989, 79.040529 21.158013, 79.040846 21.157909, 79.04119 21.157533, 79.041619 21.15682, 79.042194 21.156364, 79.042992 21.15658, 79.043206 21.156988))",,,,Futala Lake,,,water,lake,,,,,,,,,multipolygon,21.154211722129425,79.04165385243006,West
"POLYGON ((79.095884 21.144995, 79.096428 21.14805, 79.101595 21.147321, 79.10159 21.146578, 79.101278 21.144959, 79.101111 21.144747, 79.100854 21.144604, 79.100357 21.1445, 79.099862 21.144463, 79.095884 21.144995))",Shukrawari Lake,शुक्रवारी तलाव,शुक्रवारी तलाव,Gandhi Sagar,गांधी सागर,गांधी सागर,water,lake,,,,,,,,,,21.14618652012579,79.09875075204027,Central
"POLYGON ((79.036031 21.200564, 79.036143 21.200828, 79.036297 21.201076, 79.035997 21.201348, 79.036254 21.201612, 79.036151 21.201956, 79.036177 21.202348, 79.036409 21.202484, 79.036683 21.202996, 79.036907 21.2031, 79.037181 21.203596, 79.037696 21.20386, 79.038005 21.203972, 79.038348 21.204268, 79.038125 21.204476, 79.038065 21.205037, 79.037962 21.205245, 79.038151 21.205581, 79.038606 21.205757, 79.038898 21.205581, 79.039095 21.205853, 79.03937 21.205773, 79.039284 21.205277, 79.039593 21.204949, 79.039516 21.204668, 79.039842 21.204548, 79.03967 21.2041, 79.040125 21.204108, 79.039979 21.203772, 79.040202 21.2035, 79.040108 21.203188, 79.040383 21.203052, 79.04088 21.203156, 79.040752 21.20282, 79.040924 21.202532, 79.041816 21.201988, 79.042717 21.201804, 79.043859 21.201956, 79.044185 21.202068, 79.044958 21.202324, 79.045164 21.202164, 79.045318 21.20162, 79.045009 21.200948, 79.04488 21.200075, 79.045026 21.199411, 79.045026 21.199115, 79.045232 21.198683, 79.045678 21.198515, 79.046082 21.198203, 79.045992 21.198066, 79.045893 21.197915, 79.045807 21.197939, 79.04155 21.193489, 79.040863 21.193986, 79.040271 21.194474, 79.039936 21.194562, 79.039198 21.19437, 79.038658 21.194066, 79.038271 21.193682, 79.037997 21.193569, 79.037507 21.193778, 79.036718 21.19373, 79.036306 21.193666, 79.035945 21.193457, 79.035688 21.193033, 79.035756 21.192713, 79.03598 21.192353, 79.036297 21.192017, 79.036477 21.191705, 79.036881 21.191465, 79.03731 21.191281, 79.037559 21.191089, 79.037739 21.190848, 79.037997 21.190752, 79.037937 21.190584, 79.037276 21.19068, 79.036598 21.190648, 79.036289 21.190544, 79.036048 21.189904, 79.035868 21.189424, 79.035465 21.189008, 79.034795 21.188872, 79.034134 21.188912, 79.033516 21.189032, 79.032546 21.188752, 79.032049 21.18856, 79.031688 21.188488, 79.031525 21.188576, 79.033242 21.189344, 79.033885 21.189504, 79.034606 21.189568, 79.034812 21.189768, 79.034744 21.190112, 79.034366 21.190472, 79.033396 21.190728, 79.03277 21.191369, 79.03234 21.191529, 79.0338 21.192497, 79.034006 21.192929, 79.03398 21.193297, 79.033619 21.193633, 79.033224 21.193738, 79.032933 21.193738, 79.032126 21.194058, 79.030933 21.19461, 79.031851 21.195178, 79.032443 21.194978, 79.032555 21.195778, 79.032409 21.196146, 79.032495 21.196698, 79.032606 21.197339, 79.032409 21.197667, 79.031903 21.197963, 79.031431 21.198011, 79.030933 21.197931, 79.029602 21.198443, 79.028984 21.199059, 79.028435 21.199251, 79.02804 21.199227, 79.028229 21.199467, 79.02804 21.199867, 79.028135 21.200235, 79.027517 21.20126, 79.027517 21.2017, 79.027628 21.202004, 79.028066 21.20198, 79.028856 21.201172, 79.02956 21.200972, 79.030074 21.201012, 79.030426 21.201508, 79.031036 21.2019, 79.03107 21.202116, 79.031156 21.202404, 79.031104 21.202708, 79.031113 21.203412, 79.031774 21.203012, 79.032143 21.203076, 79.032598 21.202804, 79.033267 21.202564, 79.033473 21.202012, 79.034203 21.201764, 79.034598 21.201812, 79.035104 21.201572, 79.035585 21.200956, 79.036031 21.200564))",,,,Gorewada lake,,गोरेवाडा तलाव,water,,Yahoo hires,,,,,,,,,21.19804250928788,79.03721763413435,North
"POLYGON ((79.024476 21.126808, 79.02409 21.126839, 79.023693 21.126849, 79.0232 21.126869, 79.023106 21.127297, 79.023331 21.127357, 79.023685 21.127357, 79.024028 21.127317, 79.024369 21.127379, 79.024694 21.127397, 79.024959 21.127379, 79.025324 21.127259, 79.025595 21.127147, 79.026322 21.127199, 79.026732 21.127267, 79.027126 21.127069, 79.027537 21.127157, 79.02807 21.127009, 79.028258 21.126908, 79.028502 21.126776, 79.028856 21.12668, 79.029414 21.126526, 79.030294 21.126746, 79.030827 21.126788, 79.031184 21.126917, 79.031417 21.127059, 79.031535 21.127189, 79.031535 21.127459, 79.031525 21.127729, 79.031621 21.127979, 79.031978 21.127767, 79.032222 21.127659, 79.032547 21.127597, 79.032933 21.127597, 79.033241 21.127629, 79.033703 21.127679, 79.033782 21.12781, 79.033893 21.127939, 79.033912 21.128105, 79.033981 21.128241, 79.033984 21.12839, 79.033941 21.12858, 79.033931 21.128784, 79.033832 21.128822, 79.033817 21.128938, 79.033739 21.129073, 79.033763 21.129244, 79.03341 21.129493, 79.033198 21.129637, 79.03307 21.129761, 79.032945 21.129847, 79.032882 21.129801, 79.032743 21.129799, 79.032709 21.129895, 79.032662 21.130021, 79.032492 21.130142, 79.032369 21.130247, 79.032416 21.130439, 79.032306 21.130578, 79.032228 21.130705, 79.032093 21.130868, 79.031881 21.130958, 79.031873 21.131078, 79.031843 21.131246, 79.031723 21.131437, 79.031511 21.131725, 79.03133 21.131831, 79.031195 21.131999, 79.030282 21.132371, 79.030763 21.13226, 79.03086 21.132282, 79.030869 21.132432, 79.0309 21.132505, 79.030636 21.132729, 79.030964 21.132546, 79.03196 21.131982, 79.032258 21.131911, 79.032401 21.13184, 79.032468 21.131882, 79.032548 21.1321, 79.032623 21.131552, 79.032731 21.131263, 79.032849 21.131006, 79.033112 21.130766, 79.033212 21.130665, 79.033506 21.13042, 79.033611 21.130313, 79.033756 21.130161, 79.033928 21.130074, 79.034012 21.130033, 79.0341 21.129961, 79.034438 21.129893, 79.034743 21.129881, 79.034786 21.129921, 79.034959 21.130008, 79.035088 21.130108, 79.035089 21.130466, 79.035137 21.130656, 79.035188 21.130775, 79.035314 21.130829, 79.035442 21.130896, 79.03554 21.131, 79.03566 21.13095, 79.035665 21.13079, 79.035573 21.130622, 79.035594 21.130447, 79.035725 21.130454, 79.035716 21.130222, 79.035767 21.13014, 79.035832 21.130046, 79.035902 21.129961, 79.036136 21.129869, 79.036264 21.129798, 79.036389 21.129691, 79.036535 21.129709, 79.03679 21.129676, 79.036893 21.1297, 79.037001 21.129729, 79.037093 21.129754, 79.037201 21.129797, 79.037307 21.129892, 79.037411 21.13009, 79.037508 21.130338, 79.037564 21.130461, 79.037625 21.13063, 79.037658 21.131105, 79.037704 21.131362, 79.037876 21.131362, 79.038287 21.131323, 79.038434 21.131294, 79.038592 21.131317, 79.038691 21.131341, 79.038814 21.131386, 79.038918 21.131414, 79.039167 21.131565, 79.039481 21.131685, 79.039725 21.13189, 79.039653 21.132187, 79.039588 21.132563, 79.03956 21.132666, 79.039523 21.132756, 79.039485 21.13287, 79.039426 21.132995, 79.039314 21.133163, 79.039255 21.13329, 79.039205 21.133394, 79.038699 21.133723, 79.039011 21.133876, 79.03914 21.133972, 79.039227 21.134058, 79.039285 21.134183, 79.039295 21.134328, 79.039275 21.134418, 79.039182 21.134567, 79.039103 21.134683, 79.038985 21.134756, 79.038867 21.134795, 79.03867 21.134854, 79.038744 21.13518, 79.038939 21.135174, 79.039065 21.135222, 79.039174 21.1352, 79.039248 21.135277, 79.039299 21.135305, 79.039397 21.13535, 79.039478 21.135392, 79.039513 21.135469, 79.03951 21.135553, 79.039498 21.135708, 79.039405 21.135823, 79.039308 21.135924, 79.039211 21.136033, 79.039309 21.136094, 79.039392 21.136149, 79.039467 21.136215, 79.039503 21.136238, 79.039569 21.136217, 79.039631 21.136221, 79.039629 21.136254, 79.039584 21.13627, 79.039536 21.13633, 79.039512 21.136387, 79.03949 21.13645, 79.039426 21.136538, 79.039337 21.136638, 79.039064 21.136846, 79.038976 21.136942, 79.038907 21.137005, 79.038787 21.13713, 79.038693 21.137222, 79.0386 21.137319, 79.038536 21.137406, 79.038497 21.137451, 79.038433 21.137525, 79.038314 21.137713, 79.03819 21.137798, 79.038036 21.137891, 79.037926 21.137924, 79.037744 21.137904, 79.037725 21.137947, 79.037823 21.137995, 79.037854 21.138059, 79.03777 21.138304, 79.037521 21.13864, 79.037483 21.138968, 79.037708 21.138825, 79.0379 21.138614, 79.038346 21.138435, 79.03857 21.138386, 79.038897 21.138272, 79.039108 21.138144, 79.039276 21.138016, 79.03942 21.137887, 79.039503 21.137822, 79.039583 21.13777, 79.039705 21.137713, 79.039788 21.137674, 79.039882 21.137658, 79.039968 21.137651, 79.040042 21.137658, 79.04015 21.137689, 79.040232 21.137736, 79.040314 21.137798, 79.040416 21.137943, 79.040446 21.138103, 79.040474 21.138257, 79.040482 21.138417, 79.040549 21.13863, 79.040718 21.138866, 79.040875 21.139254, 79.040985 21.13918, 79.040985 21.138932, 79.041004 21.138332, 79.041065 21.138202, 79.041167 21.138084, 79.041234 21.137979, 79.041291 21.137852, 79.041376 21.137642, 79.041545 21.137462, 79.041744 21.137449, 79.041942 21.137534, 79.042446 21.137899, 79.042551 21.137869, 79.042556 21.137637, 79.042747 21.137492, 79.043029 21.137326, 79.042538 21.136944, 79.042425 21.136763, 79.04238 21.136461, 79.042661 21.13609, 79.042398 21.135973, 79.042181 21.135793, 79.042211 21.13553, 79.04227 21.135362, 79.042436 21.135065, 79.042722 21.134776, 79.04284 21.134659, 79.042809 21.134472, 79.042661 21.134424, 79.042876 21.134179, 79.04287 21.133921, 79.042935 21.133646, 79.043056 21.133376, 79.043292 21.133083, 79.043447 21.132858, 79.043748 21.132633, 79.044032 21.132618, 79.044233 21.13263, 79.044443 21.132648, 79.044651 21.132693, 79.044957 21.13319, 79.045012 21.133413, 79.04526 21.133242, 79.045518 21.133086, 79.045939 21.132847, 79.045932 21.132501, 79.045892 21.13201, 79.045874 21.131779, 79.04583 21.131702, 79.045853 21.131555, 79.04582 21.1313, 79.045783 21.130988, 79.045726 21.130707, 79.045664 21.13042, 79.045612 21.130191, 79.045518 21.129738, 79.045494 21.129536, 79.04546 21.129326, 79.04542 21.129118, 79.045409 21.128998, 79.045338 21.128619, 79.04524 21.128266, 79.045184 21.12805, 79.045114 21.127862, 79.045004 21.127612, 79.044874 21.127438, 79.044831 21.127305, 79.04472 21.127236, 79.044706 21.12716, 79.044635 21.127134, 79.044563 21.126958, 79.04447 21.126832, 79.044492 21.12673, 79.04443 21.126677, 79.044382 21.126677, 79.044395 21.126644, 79.044346 21.126552, 79.044304 21.126522, 79.044336 21.126481, 79.044296 21.126463, 79.044263 21.126405, 79.044218 21.126377, 79.044224 21.126326, 79.044142 21.126288, 79.044144 21.126221, 79.044017 21.126014, 79.043952 21.125923, 79.043886 21.125897, 79.043898 21.125818, 79.043796 21.125664, 79.04374 21.12555, 79.043698 21.125484, 79.043648 21.125418, 79.043607 21.125338, 79.043561 21.12525, 79.043507 21.125159, 79.043404 21.12501, 79.043415 21.124955, 79.043493 21.124911, 79.043362 21.124529, 79.043204 21.124162, 79.043161 21.124077, 79.042973 21.124081, 79.042934 21.124128, 79.04286 21.12412, 79.042832 21.124167, 79.042838 21.124242, 79.042546 21.12436, 79.042249 21.124484, 79.041979 21.124585, 79.041691 21.124732, 79.041589 21.124782, 79.041393 21.124883, 79.041249 21.124985, 79.041052 21.125077, 79.040902 21.125112, 79.040752 21.125117, 79.04058 21.125157, 79.040494 21.125117, 79.040408 21.125197, 79.040322 21.125157, 79.040151 21.125157, 79.04007 21.125355, 79.040043 21.125418, 79.039936 21.125438, 79.039915 21.125298, 79.04 21.125137, 79.039936 21.125077, 79.039753 21.125058, 79.039374 21.124841, 79.0394 21.124817, 79.039335 21.124637, 79.039249 21.124597, 79.039134 21.124704, 79.038702 21.124457, 79.038502 21.124325, 79.038284 21.124177, 79.037879 21.124034, 79.037565 21.123967, 79.036785 21.123834, 79.036353 21.123747, 79.036084 21.123757, 79.035805 21.123847, 79.034722 21.123967, 79.033762 21.124012, 79.032901 21.123974, 79.032329 21.123897, 79.0316 21.123797, 79.030795 21.123526, 79.029629 21.123254, 79.029143 21.123196, 79.028661 21.123286, 79.028331 21.123554, 79.028084 21.123684, 79.027684 21.123627, 79.027234 21.123586, 79.027008 21.123797, 79.02689 21.123927, 79.026408 21.123957, 79.025742 21.123957, 79.025367 21.123967, 79.025013 21.124007, 79.024916 21.124317, 79.025134 21.124625, 79.025367 21.124768, 79.025616 21.124755, 79.02597 21.124795, 79.026236 21.124848, 79.026528 21.124885, 79.026678 21.124965, 79.026847 21.125218, 79.026804 21.125468, 79.026711 21.125656, 79.02641 21.125916, 79.026163 21.126036, 79.025463 21.126278, 79.025123 21.126656, 79.024476 21.126808))",,,,Ambazari Lake,,,water,reservoir,,no,,,,,,,,21.12878538820684,79.0375982221335,West
"POLYGON ((79.121561 21.168705, 79.121475 21.168705, 79.121411 21.168765, 79.121411 21.168845, 79.121818 21.169265, 79.122033 21.169265, 79.122226 21.169085, 79.122226 21.168845, 79.122119 21.168745, 79.121862 21.168705, 79.121733 21.168625, 79.121561 21.168705))",,,,,,,water,,,,Bing Imagery 2011,scanaerial,16,,,,,21.168940946110457,79.12185355132273,East
"POLYGON ((79.113036 21.162, 79.112999 21.16193, 79.113008 21.161765, 79.11299 21.161625, 79.112952 21.161416, 79.112756 21.161294, 79.112485 21.161207, 79.112317 21.161251, 79.112077 21.161261, 79.111991 21.161341, 79.111905 21.161301, 79.11169 21.161341, 79.111605 21.161421, 79.111562 21.161381, 79.111476 21.161421, 79.111283 21.161721, 79.111283 21.161922, 79.111412 21.162082, 79.111497 21.162522, 79.111669 21.162762, 79.111669 21.162882, 79.111819 21.163062, 79.112077 21.162942, 79.112377 21.162902, 79.112463 21.162822, 79.112849 21.162822, 79.113021 21.162742, 79.113128 21.162642, 79.113128 21.162482, 79.113085 21.162362, 79.11313 21.162148, 79.113036 21.162))",,,,,,,water,,,,Bing Imagery 2011,scanaerial,16,,,,,21.162086498249625,79.11223216332091,Central
"POLYGON ((79.109842 21.159898, 79.109763 21.160114, 79.109585 21.160328, 79.10958 21.160536, 79.109428 21.160663, 79.109331 21.160677, 79.109309 21.160761, 79.109416 21.160901, 79.109716 21.160941, 79.109759 21.160981, 79.109931 21.160981, 79.110103 21.160861, 79.110188 21.160861, 79.110317 21.161021, 79.110489 21.161021, 79.110704 21.160941, 79.110832 21.160781, 79.110961 21.160781, 79.11109 21.160701, 79.111261 21.160781, 79.111369 21.160761, 79.111412 21.160601, 79.111454 21.160561, 79.111454 21.160441, 79.111463 21.160191, 79.111197 21.16004, 79.111055 21.160063, 79.111047 21.1599, 79.110618 21.15974, 79.110532 21.15962, 79.11036 21.15966, 79.110274 21.15958, 79.110188 21.15958, 79.109987 21.159655, 79.109842 21.159898))",,,,Lendi Talav,,,water,reservoir,,,Bing Imagery 2011,scanaerial,16,Q34902785,,,,21.160365115753393,79.11041800863435,Central
"POLYGON ((79.069442 21.174621, 79.069429 21.174704, 79.069378 21.174755, 79.069382 21.174854, 79.069433 21.174913, 79.06942 21.175067, 79.069454 21.175138, 79.069552 21.175205, 79.069983 21.175236, 79.07008 21.175173, 79.070338 21.174909, 79.07036 21.174802, 79.070305 21.174688, 79.070038 21.174337, 79.069882 21.174262, 79.069721 21.174309, 79.069649 21.174459, 79.069564 21.174499, 79.069442 21.174621))",,,,,,,water,,,,,,,,,,,21.174792129052584,79.0698517675621,Central
"POLYGON ((79.109222 21.162123, 79.109215 21.161941, 79.109179 21.161851, 79.109158 21.161715, 79.109211 21.161625, 79.109446 21.161628, 79.109663 21.161622, 79.109631 21.161774, 79.109567 21.161927, 79.109582 21.162, 79.109492 21.16212, 79.109336 21.162183, 79.109257 21.162183, 79.109222 21.162123))",,,,,,,water,,,,,,,,,,,21.161866866325028,79.10939336389812,Central
"POLYGON ((79.11426 21.1227, 79.116347 21.122716, 79.116293 21.120979, 79.114212 21.121184, 79.11426 21.1227))",,,,Sakkardara Lake,,,water,,,,,,,,,,,21.121893651598405,79.11530136735436,Central
"POLYGON ((79.115863 21.120766, 79.115868 21.120701, 79.115863 21.120648, 79.115866 21.120593, 79.115933 21.120536, 79.116 21.120526, 79.116072 21.120548, 79.116137 21.120683, 79.116147 21.120811, 79.116062 21.120813, 79.115997 21.120811, 79.115863 21.120766))",,,,,,,water,reservoir,,,,,,,,,,21.120679062133945,79.1160009654681,East
"POLYGON ((79.050794 21.102593, 79.051577 21.102463, 79.052918 21.101988, 79.0528 21.101722, 79.052918 21.101657, 79.052859 21.101517, 79.053969 21.101207, 79.054012 21.101267, 79.054356 21.101052, 79.054452 21.100912, 79.054474 21.100752, 79.054339 21.100736, 79.05427 21.099961, 79.054398 21.099906, 79.054302 21.099415, 79.054205 21.09941, 79.054152 21.09899, 79.053985 21.098554, 79.053894 21.098471, 79.052998 21.098469, 79.052645 21.098282, 79.051928 21.098195, 79.050973 21.098112, 79.050774 21.098417, 79.050745 21.098482, 79.050666 21.09885, 79.050462 21.099136, 79.0503 21.09945, 79.049736 21.099564, 79.049721 21.099806, 79.04984 21.099966, 79.05 21.100006, 79.050086 21.09999, 79.050218 21.100119, 79.050355 21.100142, 79.050381 21.100304, 79.050542 21.100284, 79.050548 21.100341, 79.05021 21.100404, 79.050575 21.101421, 79.050794 21.102593))",,,,Sonegaon Lake,,सोनेगाव तलाव,water,lake,,,,,,,Old Lake of Nagpur.Built in with Black Besalt Stones on the east side,en:Nagpur#3,,21.100177962864926,79.05215639745713,South
"POLYGON ((79.076909 21.12989, 79.077411 21.129891, 79.077628 21.130037, 79.078997 21.130135, 79.079012 21.129586, 79.077475 21.129548, 79.076893 21.129515, 79.076909 21.12989))",,,,,,,water,reservoir,,,,,,,,,,21.129799187030738,79.07803733165407,Central
"POLYGON ((79.107468 21.138768, 79.108155 21.138742, 79.108794 21.138592, 79.109373 21.138542, 79.110076 21.138517, 79.110789 21.138517, 79.111245 21.138517, 79.111588 21.138517, 79.111851 21.138507, 79.112077 21.138492, 79.112436 21.138487, 79.112694 21.138517, 79.113568 21.138722, 79.113852 21.138858, 79.114568 21.138922, 79.114737 21.138938, 79.115386 21.139118, 79.115805 21.139258, 79.116298 21.139383, 79.116583 21.139448, 79.116781 21.139493, 79.116904 21.139498, 79.116778 21.139662, 79.116282 21.139586, 79.115875 21.139502, 79.11522 21.139293, 79.114753 21.139153, 79.114356 21.139083, 79.113833 21.139047, 79.113536 21.139048, 79.113098 21.138867, 79.112645 21.138698, 79.112441 21.138648, 79.112187 21.138665, 79.112089 21.138672, 79.111749 21.138702, 79.111127 21.138698, 79.110398 21.138712, 79.109702 21.138692, 79.10923 21.138717, 79.108692 21.138848, 79.108125 21.138982, 79.107862 21.139022, 79.107528 21.139033, 79.107331 21.139002, 79.107042 21.138907, 79.106795 21.138837, 79.106559 21.138797, 79.106613 21.138646, 79.106814 21.138638, 79.106986 21.138658, 79.107251 21.138702, 79.107468 21.138768))",,,,,,,water,river,,,,,,,,,,21.13886974328967,79.11166232034991,Central
"POLYGON ((79.116904 21.139498, 79.118118 21.139808, 79.120371 21.140408, 79.123192 21.141029, 79.124072 21.141259, 79.125714 21.141369, 79.126733 21.141539, 79.128245 21.141949, 79.128857 21.142089, 79.129296 21.14225, 79.129661 21.14232, 79.130026 21.14229, 79.130477 21.14224, 79.130756 21.14218, 79.13096 21.141999, 79.131389 21.141759, 79.13156 21.141599, 79.131743 21.141439, 79.131882 21.141349, 79.132473 21.141179, 79.133781 21.140798, 79.134425 21.140708, 79.135573 21.140778, 79.136034 21.140819, 79.136389 21.140758, 79.136571 21.140658, 79.136947 21.140548, 79.137226 21.140551, 79.13775 21.140599, 79.138019 21.140698, 79.138299 21.140923, 79.138424 21.141086, 79.138598 21.141142, 79.139092 21.141146, 79.139582 21.141212, 79.139852 21.141335, 79.140705 21.14199, 79.140748 21.142156, 79.140787 21.1428, 79.140927 21.14344, 79.141217 21.14374, 79.141366 21.143871, 79.141796 21.144401, 79.142429 21.144741, 79.143051 21.144921, 79.14348 21.145071, 79.144307 21.145512, 79.144704 21.145942, 79.145122 21.146162, 79.145518 21.146292, 79.146034 21.146392, 79.14642 21.146212, 79.146774 21.146162, 79.14716 21.146162, 79.14759 21.146262, 79.147493 21.146512, 79.146849 21.146412, 79.146527 21.146442, 79.14598 21.146692, 79.145476 21.146602, 79.145036 21.146412, 79.144136 21.145741, 79.143328 21.145249, 79.142418 21.145051, 79.141496 21.144581, 79.141227 21.144131, 79.140723 21.1437, 79.140465 21.14338, 79.140497 21.1431, 79.140476 21.14266, 79.140487 21.14256, 79.140326 21.14218, 79.140163 21.14193, 79.139865 21.141638, 79.139535 21.14152, 79.138652 21.141469, 79.138116 21.141239, 79.137901 21.141049, 79.137601 21.140879, 79.137269 21.140748, 79.136957 21.140808, 79.136066 21.141049, 79.135305 21.140989, 79.134167 21.141079, 79.133213 21.141369, 79.132365 21.141519, 79.13199 21.141649, 79.13155 21.141939, 79.13126 21.14218, 79.130831 21.14244, 79.130359 21.14251, 79.129876 21.14258, 79.129597 21.14258, 79.129189 21.14249, 79.128706 21.14236, 79.12832 21.14221, 79.127891 21.142129, 79.126754 21.141889, 79.126067 21.141709, 79.12537 21.141679, 79.124608 21.141669, 79.124018 21.141559, 79.123396 21.141449, 79.122966 21.141279, 79.122065 21.141159, 79.120327 21.140708, 79.119093 21.140368, 79.117666 21.140008, 79.116778 21.139662, 79.116904 21.139498))",,,,,,,water,river,,,,,,,,,,21.14216548160532,79.13249513540084,East
"POLYGON ((79.080035 21.139738, 79.081312 21.140153, 79.081607 21.140153, 79.081794 21.140153, 79.081988 21.140168, 79.08204 21.140173, 79.082502 21.140264, 79.082786 21.140374, 79.083075 21.140404, 79.083252 21.140394, 79.083848 21.140188, 79.08484 21.139413, 79.085232 21.138958, 79.085555 21.138332, 79.085791 21.137907, 79.08607 21.137682, 79.086182 21.137622, 79.087614 21.137762, 79.087964 21.137682, 79.088355 21.137487, 79.088354 21.137637, 79.087824 21.137852, 79.087593 21.137917, 79.087448 21.137947, 79.086885 21.137852, 79.086386 21.137727, 79.086204 21.137732, 79.086124 21.137772, 79.085877 21.137977, 79.085662 21.138602, 79.085415 21.138998, 79.085248 21.139288, 79.08475 21.139758, 79.083801 21.140414, 79.083474 21.140519, 79.083168 21.140559, 79.082916 21.140559, 79.082619 21.140474, 79.082197 21.140339, 79.081886 21.140334, 79.081623 21.140264, 79.081263 21.140234, 79.080636 21.140088, 79.080083 21.139943, 79.080035 21.139738))",,,,Naag River,,,water,river,,,,,,,,,,21.139280935351003,79.08436738707239,Central
"POLYGON ((79.063137 21.165058, 79.063255 21.165083, 79.063261 21.164998, 79.063276 21.164954, 79.063314 21.164938, 79.063388 21.164948, 79.063481 21.164568, 79.063363 21.164538, 79.063282 21.164538, 79.063234 21.164608, 79.063154 21.164623, 79.063093 21.164878, 79.063154 21.164908, 79.063137 21.165058))",,,,,,,water,reservoir,,,,,,,,,,21.164779043890697,79.06327921280527,Central
"POLYGON ((79.088355 21.137487, 79.088717 21.137343, 79.088975 21.137313, 79.089246 21.137376, 79.089527 21.137343, 79.090147 21.137326, 79.090402 21.137268, 79.090941 21.137201, 79.091052 21.137175, 79.091888 21.137045, 79.092154 21.137001, 79.092403 21.13698, 79.092666 21.137012, 79.093046 21.137023, 79.093379 21.137028, 79.09354 21.136953, 79.094025 21.136726, 79.094192 21.136641, 79.094433 21.136691, 79.094561 21.136729, 79.094835 21.136811, 79.095554 21.137211, 79.095731 21.137283, 79.095835 21.137325, 79.095876 21.137341, 79.097424 21.137276, 79.098086 21.137196, 79.098902 21.137151, 79.099178 21.137093, 79.099521 21.136968, 79.099706 21.137066, 79.100248 21.137076, 79.101037 21.137131, 79.101219 21.137111, 79.101396 21.137051, 79.101557 21.136916, 79.101546 21.137141, 79.101321 21.137251, 79.101088 21.137318, 79.100229 21.137223, 79.099623 21.137203, 79.098505 21.137366, 79.098381 21.137378, 79.097121 21.137496, 79.096305 21.137541, 79.096083 21.137548, 79.095914 21.137546, 79.095796 21.137516, 79.094594 21.137016, 79.094449 21.136941, 79.094299 21.136906, 79.094176 21.136911, 79.094063 21.136956, 79.093661 21.137131, 79.093468 21.137231, 79.092969 21.137205, 79.092409 21.137146, 79.091359 21.137311, 79.090131 21.137568, 79.089826 21.137601, 79.089532 21.137593, 79.089244 21.137487, 79.088996 21.137467, 79.088969 21.137513, 79.088755 21.137493, 79.088354 21.137637, 79.088355 21.137487))",,,,,,,water,river,,,,,,,,,,21.137225274039267,79.09482713010718,Central
"POLYGON ((79.106613 21.138646, 79.106329 21.138554, 79.106063 21.138422, 79.10587 21.138147, 79.105859 21.137887, 79.105768 21.137546, 79.105663 21.137296, 79.105419 21.137016, 79.105081 21.136806, 79.10484 21.136821, 79.104572 21.136961, 79.104266 21.137056, 79.104038 21.137028, 79.103692 21.136931, 79.103526 21.136906, 79.103217 21.136908, 79.102968 21.136875, 79.102823 21.136796, 79.10248 21.136806, 79.102163 21.136811, 79.101847 21.136861, 79.101557 21.136916, 79.101546 21.137141, 79.101758 21.137043, 79.101884 21.137021, 79.102115 21.137006, 79.102295 21.137003, 79.10248 21.137046, 79.102748 21.137116, 79.102882 21.137176, 79.102938 21.137208, 79.103308 21.137228, 79.103671 21.137251, 79.103995 21.137303, 79.104291 21.13722, 79.104553 21.137233, 79.104623 21.137108, 79.105076 21.137076, 79.105232 21.137176, 79.105387 21.137301, 79.105427 21.137363, 79.105567 21.137585, 79.105685 21.137898, 79.105682 21.138167, 79.105784 21.138392, 79.106087 21.138659, 79.106559 21.138797, 79.106613 21.138646))",,,,,,,water,river,,yes,,,,,,,,21.137313713068103,79.10421132503016,Central
"POLYGON ((79.023106 21.127297, 79.022505 21.127187, 79.021311 21.127489, 79.020839 21.127789, 79.020474 21.12832, 79.020102 21.129148, 79.019906 21.129541, 79.019651 21.130649, 79.019254 21.13134, 79.019115 21.13168, 79.018997 21.13208, 79.01846 21.133231, 79.018074 21.134132, 79.017449 21.135655, 79.017299 21.136075, 79.016615 21.136794, 79.016119 21.137336, 79.015882 21.138597, 79.015797 21.139027, 79.015703 21.139836, 79.015553 21.140717, 79.015539 21.141239, 79.015089 21.141919, 79.014531 21.14263, 79.013879 21.143388, 79.013436 21.143971, 79.013128 21.144429, 79.012838 21.144779, 79.012463 21.14523, 79.012084 21.145522, 79.01173 21.145952, 79.011076 21.146502, 79.010754 21.146793, 79.010317 21.147071, 79.010092 21.147231, 79.009874 21.147343, 79.009673 21.147191, 79.010529 21.146542, 79.011065 21.146142, 79.011505 21.145782, 79.011838 21.145322, 79.012009 21.144971, 79.012334 21.144749, 79.012578 21.144561, 79.013125 21.1436, 79.013568 21.143028, 79.014265 21.142098, 79.014574 21.141589, 79.014756 21.141359, 79.014941 21.140767, 79.01496 21.140418, 79.015003 21.139968, 79.014928 21.139298, 79.015067 21.138937, 79.01492 21.137935, 79.01525 21.137206, 79.015496 21.136646, 79.016282 21.135263, 79.016344 21.134834, 79.016516 21.134314, 79.016687 21.133994, 79.017352 21.132513, 79.017599 21.131802, 79.017696 21.131432, 79.017406 21.131502, 79.017098 21.13144, 79.017631 21.130742, 79.017985 21.130641, 79.018425 21.129851, 79.01864 21.12936, 79.019337 21.12825, 79.019498 21.127869, 79.020088 21.127189, 79.02055 21.126668, 79.021333 21.126368, 79.021622 21.126538, 79.022148 21.126708, 79.022322 21.126766, 79.0232 21.126869, 79.023106 21.127297))",,,,,,,water,river,,,,,,,,,,21.13451177210455,79.01727854974779,West
"POLYGON ((79.060974 21.135082, 79.061973 21.135338, 79.062909 21.135608, 79.064417 21.135958, 79.066756 21.136606, 79.066752 21.13645, 79.064427 21.135865, 79.062939 21.135505, 79.061986 21.135252, 79.061011 21.135001, 79.060994 21.135049, 79.060974 21.135082))",,,,,,,water,river,,,,,,,,,,21.13584540481326,79.06411503624345,Central
"POLYGON ((79.066756 21.136606, 79.066752 21.13645, 79.066818 21.136476, 79.066837 21.13648, 79.067912 21.136692, 79.068072 21.136672, 79.06884 21.136881, 79.068857 21.137015, 79.066756 21.136606))",,,,,,,water,river,,,,,,,,,,21.136738021317086,79.06782313420119,Central
"POLYGON ((79.069082 21.137059, 79.073201 21.137916, 79.073666 21.138018, 79.074036 21.138099, 79.074346 21.138161, 79.079668 21.139803, 79.079605 21.139606, 79.077636 21.139055, 79.077137 21.138902, 79.075667 21.138454, 79.074767 21.138211, 79.074141 21.138038, 79.073073 21.137803, 79.06942 21.136999, 79.069078 21.136922, 79.069082 21.137059))",,,,Naag River,,,water,river,,,,,,,,,,21.13832268195825,79.07464213313975,Central
"POLYGON ((79.060776 21.135018, 79.060031 21.134701, 79.059198 21.13436, 79.058902 21.13422, 79.058246 21.133922, 79.057919 21.133798, 79.057647 21.133675, 79.057442 21.133583, 79.056393 21.131444, 79.056473 21.131343, 79.056671 21.131428, 79.057501 21.133551, 79.057695 21.133638, 79.057939 21.133765, 79.058266 21.133871, 79.058941 21.134162, 79.059252 21.134284, 79.059959 21.134569, 79.060775 21.134968, 79.06078 21.134998, 79.060776 21.135018))",,,,,,,water,river,,,,,,,,,,21.133058362043247,79.0578037067281,Central
"POLYGON ((79.04904 21.155209, 79.049656 21.155209, 79.049654 21.155004, 79.049037 21.155015, 79.04904 21.155209))",,,,,,,water,pond,,,,,,,,,,21.155109019980095,79.04934958563896,West
"POLYGON ((79.098528 21.14541, 79.098319 21.144985, 79.098364 21.144898, 79.098782 21.144795, 79.098924 21.144713, 79.099756 21.144587, 79.099915 21.144639, 79.100127 21.144573, 79.100348 21.144642, 79.100354 21.144766, 79.100212 21.144885, 79.100416 21.14493, 79.100402 21.145038, 79.100153 21.145138, 79.100091 21.145044, 79.099994 21.145146, 79.099907 21.144985, 79.099816 21.145178, 79.099771 21.145057, 79.099601 21.145186, 79.099343 21.145009, 79.099228 21.145105, 79.099 21.145129, 79.098899 21.14516, 79.098757 21.144993, 79.098622 21.145038, 79.098608 21.14522, 79.098528 21.14541))",,,,,,,water,lake,,,,,,,,,,21.1448986898258,79.09943048528301,Central
"POLYGON ((79.066434 21.10161, 79.066556 21.101585, 79.066506 21.1015, 79.066406 21.101517, 79.066434 21.10161))",,,,rainwater harvesting,,,water,,,,,,,,,,,21.10155504636406,79.06647578650363,South
"POLYGON ((79.064815 21.103391, 79.064748 21.103296, 79.064917 21.103243, 79.064946 21.103336, 79.064815 21.103391))",,,,super water solutions,,,water,,,,,,,,,,,21.1033153738201,79.06485362917903,South
"POLYGON ((79.051384 21.143223, 79.051272 21.143124, 79.051246 21.142909, 79.051039 21.14275, 79.051016 21.142481, 79.05124 21.142358, 79.051591 21.142236, 79.052072 21.142254, 79.052115 21.142486, 79.051779 21.142883, 79.05163 21.143041, 79.051384 21.143223))",,,,Pandrapodi Pond,,,water,pond,,,,,,,,,,21.142635083331037,79.0515443914119,Central
